Startup CPU time:        0.755 sec summed across    4 PEs.
         Day, Step number,     CPU time, CPU time change
       0.000,           0,        0.755,        0.755
       0.000,           1,        0.815,        0.060
       0.000,           2,        0.831,        0.016
       0.000,           3,        0.882,        0.051
       0.000,           4,        0.898,        0.016
       0.000,           5,        0.918,        0.020
       0.000,           6,        0.934,        0.016
       0.000,           7,        0.954,        0.020
       0.000,           8,        0.970,        0.016
       0.001,           9,        0.990,        0.020
       0.001,          10,        1.007,        0.017
       0.001,          11,        1.026,        0.019
       0.001,          12,        1.042,        0.016
       0.001,          13,        1.058,        0.016
       0.001,          14,        1.078,        0.020
       0.001,          15,        1.098,        0.020
       0.001,          16,        1.114,        0.016
       0.001,          17,        1.130,        0.016
       0.001,          18,        1.150,        0.020
       0.001,          19,        1.166,        0.016
       0.001,          20,        1.182,        0.016
