Startup CPU time:        0.312 sec summed across    1 PEs.
         Day, Step number,     CPU time, CPU time change
       0.000,           0,        0.312,        0.312
       0.021,          15,        0.707,        0.395
       0.042,          30,        0.932,        0.224
       0.062,          45,        1.159,        0.228
       0.083,          60,        1.388,        0.228
       0.104,          75,        1.616,        0.228
       0.125,          90,        1.845,        0.229
       0.146,         105,        2.074,        0.230
       0.167,         120,        2.303,        0.229
       0.188,         135,        2.532,        0.229
       0.208,         150,        2.761,        0.229
       0.229,         165,        2.991,        0.230
       0.250,         180,        3.229,        0.238
       0.271,         195,        3.458,        0.230
       0.292,         210,        3.684,        0.225
       0.312,         225,        3.908,        0.224
       0.333,         240,        4.133,        0.224
       0.354,         255,        4.357,        0.224
       0.375,         270,        4.582,        0.225
       0.396,         285,        4.812,        0.230
       0.417,         300,        5.037,        0.225
       0.438,         315,        5.312,        0.275
       0.458,         330,        5.539,        0.227
       0.479,         345,        5.766,        0.227
       0.500,         360,        5.992,        0.226
       0.521,         375,        6.220,        0.228
       0.542,         390,        6.449,        0.229
       0.562,         405,        6.678,        0.229
       0.583,         420,        6.907,        0.229
       0.604,         435,        7.138,        0.230
       0.625,         450,        7.367,        0.230
       0.646,         465,        7.599,        0.232
       0.667,         480,        7.830,        0.232
       0.688,         495,        8.062,        0.231
       0.708,         510,        8.292,        0.231
       0.729,         525,        8.523,        0.231
       0.750,         540,        8.755,        0.232
       0.771,         555,        8.984,        0.230
       0.792,         570,        9.213,        0.228
       0.812,         585,        9.441,        0.228
       0.833,         600,        9.670,        0.229
